# -*- coding: utf-8 -*-
"""
Created on Mon May  9 14:45:42 2022

@author: Cyprien Courtois
"""
import math as math
import numpy as np
import matplotlib.pyplot as plt

#%%

'''Fonction de calcul des forces exercées et centres de poussée velique pour chaque sailset'''

'''
ENTREE :
    
    
    
    
    
    
    
SORTIE :
    Fx
    Fy
    Fz
    Zce
    Yce
    Mx
    Pour :
        MF
        MJ
        MSA
        MSS

'''
NameCoefAero = ["AWA (°)", "Cl GV", "Cl Génois", "Cl Spi Sym", "Cl Spi Asy", "Cd GV", "Cd Génois", "Cl Spi Sym", "Cl Spi Asy"]
MatCoeffAero = np.array([[0, 0, 0, 0, 0, 0.0431, 0, 0, 0],
                         [7, 0.905175, 0,	0, 0, 0.02586, 0.05, 0, 0],
                         [9, 1.094825, 0,	0, 0, 0.02328, 0, 0, 0],
                         [12,	1.206895, 0, 0,	0, 0.02328,	0, 0, 0],
                         [15,	0, 1.05, 0,	0, 0, 0.032, 0, 0],
                         [20,	0, 1.425, 0, 0,	0, 0.031, 0, 0],
                         [27,	0, 1.475, 0, 0,	0, 0.037, 0, 0],
                         [28,	1.386895, 0, -0.02484, 0.0183, 0.03259,	0, 0.19152, 0.16215],
                         [40,	0, 0, 0, 0,	0, 0, 0, 0],
                         [41,	0, 0, 0.69437, 0.735, 0, 0, 0.28152, 0.25184],
                         [50,	0, 1.45, 0.90677, 0.94666, 0, 0.25, 0.35496, 0.32502],
                         [60,	1.36832, 1.25, 1.044, 1.08342, 0.11302, 0.35, 0.4392, 0.40897],
                         [67,	0, 0, 1.08, 1.10494, 0, 0, 0.4896, 0.4592],
                         [75,	0, 0, 1.08,	1.09059, 0,	0, 0.5328, 0.50225],
                         [80,	0, 0, 0, 0,	0, 0, 0, 0],
                         [90,	1.26724, 0,	0, 0, 0.3825, 0, 0, 0],
                         [100, 0, 0.4, 0.9576, 0.95427, 0, 0.73, 0.6192, 0.59839],
                         [115, 0,	0, 0.8136, 0.81077, 0, 0, 0.6588, 0.65292],
                         [120, 0.93103, 0, 0, 0, 0.96888, 0, 0, 0],
                         [130, 0, 0, 0.612, 0.60987, 0, 0, 0.6732, 0.67086],
                         [140, 0,	0, 0, 0, 0,	0, 0, 0],
                         [150, 0.38793, 0, 0.324, 0.32287, 1.31578, 0.95, 0.6732, 0.67086],
                         [160, 0,	0, 0, 0, 0,	0, 0, 0],
                         [170, 0,	0, 0.108, 0.10762, 0, 0, 0.6732, 0.67086],
                         [180, -0.11207, -0.1, 0, 0, 1.34483, 0.9, 0.6732, 0.67086]])































